<?xml version="1.0"?>
<opencv_storage>
<Rotarion type_id="opencv-matrix">
  <rows>5</rows>
  <cols>3</cols>
  <dt>f</dt>
  <data>
    -2.09994388e+00 2.18286729e+00 -2.42957368e-01 1.86035538e+00
    -1.90048003e+00 -5.85170090e-01 -1.97758961e+00 1.85264647e+00
    -5.46892822e-01 -1.94998658e+00 1.71062505e+00 5.20341635e-01
    1.94786799e+00 -2.05520177e+00 3.44732612e-01</data></Rotarion>
</opencv_storage>
