<?xml version="1.0"?>
<opencv_storage>
<Translation type_id="opencv-matrix">
  <rows>5</rows>
  <cols>3</cols>
  <dt>f</dt>
  <data>
    5.28529406e-01 -1.37870336e+00 1.92056675e+01 3.01091981e+00
    1.53941953e+00 1.79760323e+01 1.17719281e+00 1.42777431e+00
    1.93312607e+01 -7.21398652e-01 1.32279265e+00 1.85014706e+01
    1.21017540e+00 1.84353721e+00 1.75867004e+01</data></Translation>
</opencv_storage>
